I
1130 Generated by WorldEditor 2.2.0r2

1      6 0 0 LG54 Tymbaki
100 40.00 1 0 0.00 0 0 0 08  35.06332897  024.75401637    0    0 0 0 0 0 26  35.06395419  024.78052006    0    0 0 0 0 0
110 1 0.00 0.0000 New Taxiway 13
111  35.06353531  024.77030174
112  35.06340402  024.77038321  35.06332587  024.77038576
111  35.06311436  024.77039467
111  35.06311644  024.77044559
111  35.06344466  024.77044177
112  35.06350092  024.77045705  35.06351447  024.77047232
113  35.06354156  024.77050033
110 2 0.00 0.0000 New Taxiway 12
111  35.06533679  024.78174134
112  35.06538599  024.78173427  35.06541639  024.78173162
112  35.06550756  024.78175991  35.06557847  024.78178378
111  35.06559873  024.78173516
111  35.06604295  024.78116688
113  35.06599259  024.78090803
110 1 0.00 0.0000 New Taxiway 11
111  35.06593938  024.77043061
112  35.06598731  024.77042679  35.06600503  024.77043061
111  35.06604566  024.77044589
112  35.06652497  024.77073232  35.06657915  024.77076287
111  35.06660936  024.77076414
111  35.06653747  024.77067758
112  35.06601023  024.77036126  35.06596464  024.77033209
113  35.06593281  024.77025164
110 1 0.00 0.0000 New Taxiway 10
111  35.06707111  024.75289437
112  35.06712754  024.75290382  35.06715271  024.75291615
111  35.06716697  024.75294020
112  35.06732858  024.75338537  35.06735289  024.75345221
112  35.06746490  024.75357633  35.06754826  024.75361452
112  35.06769083  024.75354075  35.06772412  024.75352218
111  35.06773352  024.75355136
111  35.06774872  024.75359644
111  35.06781746  024.75355755
112  35.06780371  024.75352218  35.06779141  024.75349213
111  35.06783627  024.75346207
112  35.06871152  024.75300512  35.06877230  024.75297860
111  35.06881535  024.75305353
111  35.06895524  024.75342484
111  35.06898841  024.75341011
112  35.06885151  024.75303911  35.06882755  024.75297418
111  35.06887861  024.75292708
112  35.06919465  024.75273650  35.06923719  024.75271422
112  35.06931882  024.75256570  35.06935007  024.75245855
111  35.06930232  024.75234822
112  35.06911611  024.75187815  35.06909741  024.75183394
111  35.06914264  024.75177206
111  35.06899671  024.75185531
112  35.06904134  024.75186783  35.06905219  024.75187225
111  35.06906425  024.75189509
112  35.06926739  024.75239882  35.06933041  024.75255281
111  35.06916987  024.75269397
112  35.06887665  024.75283774  35.06882113  024.75286157
111  35.06877612  024.75281941
112  35.06854805  024.75220895  35.06852405  024.75215029
111  35.06857806  024.75208063
111  35.06842899  024.75216021
112  35.06847025  024.75217396  35.06847776  024.75217549
111  35.06849901  024.75220299
112  35.06872908  024.75282475  35.06874533  024.75287669
111  35.06871282  024.75293474
112  35.06767994  024.75349207  35.06745738  024.75360665
111  35.06737236  024.75337597
112  35.06721901  024.75293424  35.06719875  024.75287413
113  35.06721539  024.75281755
110 2 0.00 0.0000 New Taxiway 9
111  35.07221758  024.74774239
111  35.07206898  024.74782174
111  35.07210729  024.74792886
113  35.07225589  024.74784951
110 1 0.00 0.0000 New Taxiway 7
111  35.06561954  024.77009152
112  35.06537075  024.77022430  35.06523446  024.77023346
111  35.06427729  024.77026330
112  35.06406419  024.77015003  35.06398292  024.77006474
111  35.06388081  024.76987379
111  35.06389227  024.77060194
111  35.06414755  024.77057775
112  35.06434761  024.77049883  35.06441012  024.77049628
111  35.06539276  024.77046380
112  35.06552196  024.77050454  35.06558760  024.77054146
113  35.06562928  024.77057073
110 2 0.00 0.0000 New Taxiway 6
111  35.06573504  024.76993202
112  35.06568149  024.77002131  35.06565472  024.77005667
111  35.06561676  024.77008880
111  35.06562519  024.77056974
112  35.06570341  024.77062836  35.06572347  024.77064399
113  35.06574819  024.77067348
110 1 0.00 0.0000 New Taxiway 4
111  35.06466929  024.78215071
112  35.06473213  024.78214692  35.06477351  024.78214381
112  35.06499957  024.78204661  35.06514736  024.78197692
111  35.06533916  024.78173995
112  35.06599276  024.78091161  35.06623223  024.78062564
111  35.06617224  024.78005423
112  35.06556675  024.75467376  35.06556675  024.75440979
112  35.06562725  024.75400327  35.06570503  024.75371554
111  35.06603642  024.75350189
111  35.06595216  024.75329335
112  35.06509491  024.75371386  35.06489527  024.75379305
111  35.06472674  024.75370119
111  35.06403058  024.75320106
111  35.06395859  024.75334833
112  35.06511075  024.75423947  35.06537867  024.75444801
111  35.06539460  024.75490725
112  35.06546603  024.75826839  35.06547053  024.75838755
112  35.06533849  024.75865518  35.06528598  024.75873951
111  35.06513446  024.75876622
112  35.06394153  024.75877678  35.06364089  024.75877731
111  35.06360624  024.75839162
111  35.06363924  024.75962897
112  35.06377278  024.75916702  35.06384330  024.75904971
111  35.06402336  024.75902771
112  35.06511382  024.75900611  35.06541091  024.75899511
111  35.06548588  024.75940891
112  35.06575046  024.76982138  35.06575118  024.76989830
111  35.06573381  024.76993366
111  35.06574716  024.77067348
112  35.06575821  024.77071093  35.06576424  024.77072874
111  35.06576637  024.77076126
112  35.06598411  024.78030260  35.06599491  024.78056877
111  35.06586888  024.78073596
112  35.06532697  024.78141160  35.06526215  024.78149871
112  35.06496102  024.78161749  35.06475054  024.78161367
113  35.06464750  024.78127492
110 2 0.00 0.0000 New Taxiway 3
112  35.06375920  024.78051979  35.06373366  024.78052081
111  35.06373198  024.78054895
111  35.06377122  024.78218261
111  35.06466954  024.78215070
112  35.06464686  024.78118056  35.06464436  024.78107821
112  35.06448181  024.78106752  35.06441805  024.78106905
112  35.06429051  024.78099878  35.06417672  024.78092393
111  35.06417923  024.78078492
112  35.06418008  024.78063423  35.06417718  024.78053963
113  35.06413159  024.78050516
110 2 0.00 0.0000 New Taxiway 2
112  35.06354410  024.75343169  35.06354497  024.75339032
111  35.06357102  024.75337653
112  35.06371949  024.75328089  35.06378826  024.75323659
111  35.06384327  024.75326867
111  35.06395956  024.75334963
111  35.06403458  024.75320299
112  35.06365280  024.75292061  35.06343974  024.75276663
112  35.06342024  024.75222220  35.06342324  024.75191057
111  35.06372296  024.75170039
112  35.06556285  024.75071135  35.06567539  024.75064872
112  35.06584757  024.75071211  35.06595489  024.75075031
111  35.06602764  024.75091579
112  35.06768929  024.75002437  35.06774034  024.74999890
112  35.06778827  024.75001545  35.06782161  024.75002309
111  35.06785079  024.75010202
111  35.06781015  024.75013257
111  35.06784558  024.75021278
111  35.06796749  024.75013639
112  35.06791539  024.75001927  35.06788622  024.74994926
111  35.06796541  024.74987414
112  35.06868932  024.74948503  35.06878655  024.74943884
112  35.06894433  024.74947418  35.06902536  024.74948885
111  35.06910338  024.74964650
112  35.06959792  024.75098949  35.06968975  024.75124247
111  35.06948378  024.75145737
111  35.06596152  024.75334976
111  35.06601338  024.75346837
112  35.07264935  024.74988435  35.07304186  024.74967095
111  35.07315687  024.74925977
111  35.07343102  024.74839684
112  35.07349042  024.74794105  35.07349042  024.74770934
111  35.07337933  024.74744201
111  35.07305334  024.74653285
111  35.06506545  024.75084726
112  35.06494389  024.75082074  35.06491350  024.75078680
111  35.06484903  024.75072180
111  35.06419388  024.75107214
112  35.06418346  024.75126181  35.06418034  024.75131528
111  35.06413241  024.75135219
112  35.06352665  024.75168003  35.06346663  024.75171975
111  35.06332909  024.75173503
111  35.06315279  024.75173350
111  35.06316142  024.75245682
111  35.06307289  024.75250448
111  35.06311343  024.75402498
113  35.06355257  024.75401445
111  35.07283325  024.74725173
112  35.07329577  024.74748859  35.07344456  024.74784455
112  35.07333618  024.74834725  35.07329267  024.74847741
111  35.07304310  024.74927945
112  35.07261997  024.74976339  35.07231100  024.74993235
111  35.07007343  024.75113349
112  35.06969640  024.75096361  35.06960787  024.75071429
112  35.06919238  024.74959673  35.06912886  024.74942374
112  35.06935592  024.74912559  35.06946746  024.74906530
111  35.07200568  024.74769670
111  35.07201437  024.74771350
111  35.07207262  024.74771571
111  35.07210771  024.74780191
111  35.07219888  024.74775417
111  35.07216560  024.74765338
111  35.07219020  024.74764277
113  35.07220588  024.74758796
110 2 0.00 0.0000 New Taxiway 14
111  35.06569585  024.76028538
111  35.06616337  024.76026812
111  35.06609354  024.75744392
113  35.06562603  024.75746117
130 Airport Boundary 1
111  35.06666884  024.77082476
111  35.06635833  024.77046414
111  35.06619654  024.77022086
111  35.06611565  024.76995098
111  35.06587203  024.76039750
111  35.06623225  024.76034496
111  35.06615722  024.75736751
111  35.06581313  024.75736751
111  35.06568410  024.75478614
111  35.06573787  024.75405705
111  35.06608195  024.75363011
111  35.06704525  024.75301515
111  35.06747535  024.75428945
111  35.06993770  024.75285750
111  35.06961512  024.75193133
111  35.07032479  024.75150438
111  35.07050983  024.75128506
111  35.07264326  024.75006890
111  35.07280455  024.74994847
111  35.07299720  024.74975688
111  35.07314505  024.74951602
111  35.07351969  024.74827156
111  35.07359063  024.74792942
111  35.07354956  024.74759185
111  35.07308286  024.74628798
111  35.06785413  024.74884847
111  35.06651633  024.74926841
111  35.06513208  024.74973376
111  35.06371573  024.75017117
111  35.06263806  024.75099967
111  35.06166258  024.75149904
111  35.06151394  024.75204380
111  35.06100297  024.75238429
111  35.05934317  024.75320430
111  35.05901414  024.75348015
111  35.05904161  024.75379084
111  35.05910355  024.75456637
111  35.05906484  024.75512437
111  35.05892549  024.75554050
111  35.05887903  024.75589989
111  35.05882484  024.75651464
111  35.05880162  024.75745094
111  35.05884033  024.75810352
111  35.05918097  024.75896416
111  35.05940548  024.75957891
111  35.05949064  024.76000450
111  35.05942097  024.76038280
111  35.05927387  024.76103538
111  35.05927336  024.76124480
111  35.05978411  024.76182497
111  35.06035474  024.76239208
111  35.06055188  024.76266028
111  35.06059668  024.76292300
111  35.06065044  024.76351412
111  35.06177312  024.76344147
111  35.06178656  024.76314591
111  35.06290663  024.76302002
111  35.06308289  024.77000158
111  35.06312770  024.77080071
111  35.06323293  024.77668747
111  35.06346441  024.77671028
111  35.06354511  024.77679140
111  35.06361548  024.77952632
111  35.06356172  024.77999923
111  35.06353484  024.78088593
111  35.06359398  024.78212731
111  35.06365312  024.78275129
111  35.06360473  024.78327017
111  35.06350283  024.78359063
111  35.06582791  024.78352383
111  35.06617015  024.78344780
111  35.06633816  024.78331096
111  35.06643150  024.78307909
111  35.06644194  024.78274307
111  35.06628222  024.77493608
111  35.06628844  024.77476883
111  35.06634755  024.77463199
111  35.06649378  024.77445333
111  35.06679607  024.77410536
111  35.06686763  024.77397992
111  35.06687697  024.77386969
111  35.06683341  024.77207932
111  35.06680230  024.77113663
113  35.06676496  024.77099218
19  35.06384521  024.75246553 0 New Windsock 1
99
