I
1130 Generated by WorldEditor 2.2.0r2

1    375 1 0 LGST Sitia
1302 city Sitia
1302 country Greece
1302 datum_lat 35.21644727
1302 datum_lon 26.09835990
1302 faa_code 
1302 iata_code JSH
1302 icao_code LGST
1302 region_code LG
1302 state Lasithi
1302 transition_alt 6000
1302 transition_level 
1302 flatten 1
100 45.11 1 1 0.25 0 2 0 05  35.21021054  026.09243025    0    0 2 0 0 1 23  35.22214870  026.11001237    0    0 2 0 0 1
110 1 0.00 350.0000 GA Taxiway
111  35.21664722  026.10227241
112  35.21648712  026.10314154  35.21641857  026.10344788
112  35.21590749  026.10394466  35.21567156  026.10408125
112  35.21536803  026.10425374  35.21524050  026.10428886
111  35.21507152  026.10430993
111  35.21497587  026.10369881
111  35.21483854  026.10373008
111  35.21440007  026.10382993
111  35.21448446  026.10440774
111  35.21452250  026.10466816
112  35.21478649  026.10479928  35.21496025  026.10476026
111  35.21498735  026.10457685
112  35.21538907  026.10450894  35.21558994  026.10450504
112  35.21595914  026.10438251  35.21622217  026.10428104
112  35.21649285  026.10397276  35.21658053  026.10388496
112  35.21679702  026.10338037  35.21684484  026.10324768
112  35.21694240  026.10308066  35.21700329  026.10305356
113  35.21715548  026.10302858
110 1 0.00 50.2700 Turnpad 5
112  35.21093050  026.09292222  35.21090393  026.09277589
112  35.21083086  026.09245884  35.21075913  026.09232876
112  35.21010686  026.09232226  35.20979733  026.09265882
112  35.21011085  026.09315798  35.21019321  026.09325228
114  35.21048945  026.09339699  35.21064090  026.09346853
110 1 0.00 50.2700 Turnpad 23
111  35.22141112  026.10947865
112  35.22156649  026.11006536  35.22170199  026.11022732
112  35.22222430  026.11010987  35.22246502  026.10986205
112  35.22227058  026.10928443  35.22215262  026.10910295
113  35.22185077  026.10902547
110 1 0.00 140.1900 Apron
111  35.21471844  026.09873857
112  35.21486479  026.09835733  35.21496221  026.09834649
112  35.21506087  026.09834172  35.21512840  026.09835663
112  35.21543709  026.09853294  35.21552565  026.09863050
112  35.21580077  026.09903516  35.21592365  026.09921538
112  35.21595199  026.09965489  35.21595199  026.09976600
112  35.21585316  026.09994757  35.21576127  026.10002210
111  35.21558556  026.09997458
111  35.21629943  026.10099117
112  35.21624965  026.10025311  35.21627784  026.09966907
112  35.21654342  026.09944416  35.21657663  026.09940622
111  35.21726238  026.09874952
111  35.21723907  026.09871550
111  35.21717541  026.09862259
111  35.21710953  026.09852635
111  35.21707462  026.09847538
111  35.21704684  026.09843481
111  35.21702885  026.09840854
111  35.21644579  026.09755740
111  35.21641583  026.09751363
111  35.21611498  026.09707418
111  35.21606392  026.09699964
111  35.21604764  026.09697586
112  35.21519000  026.09778951  35.21510005  026.09787044
112  35.21468866  026.09788622  35.21453721  026.09788151
113  35.21404306  026.09765674
110 1 0.25 0.0000 lib/airport/pavement/asphalt_4D.pol
111  35.21585681  026.10357903
111  35.21612237  026.10330852
111  35.21579381  026.10288497
111  35.21575471  026.10292366
112  35.21575388  026.10296337  35.21573424  026.10296761
111  35.21544611  026.10302650
111  35.21540618  026.10285545
112  35.21523732  026.10295828  35.21521653  026.10298586
111  35.21506015  026.10315580
112  35.21495450  026.10328001  35.21494064  026.10329274
112  35.21490543  026.10328510  35.21491120  026.10326955
111  35.21524065  026.10285851
112  35.21521569  026.10283000  35.21520703  026.10282363
112  35.21519074  026.10283814  35.21518150  026.10283743
111  35.21519074  026.10283814
112  35.21519074  026.10283814  35.21518564  026.10283775
112  35.21497182  026.10309328  35.21487123  026.10321419
111  35.21497182  026.10309328
112  35.21497182  026.10309328  35.21488994  026.10319171
111  35.21481642  026.10328103
112  35.21457270  026.10344495  35.21445313  026.10350646
111  35.21429071  026.10353353
111  35.21391751  026.10362214
111  35.21392538  026.10368289
112  35.21451031  026.10354880  35.21461025  026.10350638
112  35.21530387  026.10323063  35.21534661  026.10322002
111  35.21562647  026.10321823
111  35.21563817  026.10332418
111  35.21553503  026.10333006
111  35.21553955  026.10336044
111  35.21550835  026.10336044
111  35.21550835  026.10337656
111  35.21549102  026.10337741
111  35.21554925  026.10357680
113  35.21573411  026.10357394
110 1 0.25 0.0000 lib/airport/pavement/asphalt_4D.pol
111  35.21497587  026.10369881
112  35.21505688  026.10363587  35.21513951  026.10362900
112  35.21526691  026.10361975  35.21532371  026.10362152
112  35.21544159  026.10365030  35.21550561  026.10367505
112  35.21561465  026.10370538  35.21567338  026.10370361
112  35.21578056  026.10364351  35.21582966  026.10362053
111  35.21585681  026.10357903
111  35.21573411  026.10357394
112  35.21573342  026.10359091  35.21572764  026.10359975
112  35.21564608  026.10362824  35.21559938  026.10363118
112  35.21553586  026.10361806  35.21548773  026.10361158
112  35.21528147  026.10354339  35.21520445  026.10354163
112  35.21504046  026.10356622  35.21499593  026.10357162
112  35.21490645  026.10363333  35.21485912  026.10367703
113  35.21483854  026.10373008
110 1 0.25 350.0000 lib/airport/pavement/asphalt_3D.pol
111  35.21448446  026.10440774
112  35.21423033  026.10447517  35.21423033  026.10447761
112  35.21425329  026.10463644  35.21426527  026.10471463
111  35.21432316  026.10471097
113  35.21452250  026.10466816
110 1 0.25 0.0000 lib/airport/pavement/asphalt_3D.pol
111  35.21496620  026.10294868
111  35.21495032  026.10290629
111  35.21498443  026.10285742
111  35.21474403  026.10262732
112  35.21471658  026.10265074  35.21472019  026.10266743
112  35.21472573  026.10271895  35.21470688  026.10272975
112  35.21467786  026.10273082  35.21467021  026.10274612
112  35.21463091  026.10277088  35.21462927  026.10278417
111  35.21463091  026.10277088
112  35.21463091  026.10277088  35.21462727  026.10278466
112  35.21461344  026.10283909  35.21460261  026.10285137
111  35.21462675  026.10287167
111  35.21481640  026.10309668
111  35.21483129  026.10307688
111  35.21485134  026.10309871
113  35.21493709  026.10297923
110 2 0.25 0.0000 lib/airport/pavement/concrete_4L.pol
111  35.21497182  026.10309328
112  35.21499046  026.10296989  35.21498511  026.10295435
111  35.21496620  026.10294868
111  35.21493709  026.10297923
112  35.21492738  026.10308443  35.21490866  026.10312290
111  35.21482202  026.10323885
113  35.21481642  026.10328103
110 1 0.25 0.0000 lib/airport/lines/safety_area_yellow.pol
111  35.21546266  026.10309797
111  35.21544611  026.10302650
111  35.21530590  026.10308011
111  35.21526497  026.10299224
111  35.21510907  026.10318535
113  35.21531574  026.10310606
110 1 0.25 140.0000 lib/airport/pavement/asphalt_2D.pol
111  35.21743789  026.09848204
112  35.21761884  026.09846323  35.21763973  026.09844106
112  35.21788845  026.09818135  35.21792838  026.09813758
112  35.21788764  026.09800063  35.21785514  026.09795515
112  35.21774659  026.09795395  35.21771594  026.09798180
112  35.21749708  026.09820737  35.21747834  026.09822611
112  35.21744390  026.09828612  35.21742998  026.09830787
112  35.21742158  026.09837130  35.21740859  026.09838610
113  35.21738561  026.09840937
111  35.21783697  026.09810885
111  35.21758982  026.09838680
112  35.21752884  026.09837894  35.21750477  026.09835046
111  35.21752323  026.09831019
111  35.21778321  026.09803616
114  35.21783937  026.09804893  35.21786184  026.09808233
110 1 0.25 140.0000 lib/airport/pavement/asphalt_2D.pol
112  35.21717208  026.09850641  35.21716343  026.09851498
112  35.21717045  026.09854141  35.21718254  026.09855869
112  35.21720000  026.09858520  35.21720513  026.09859300
111  35.21720000  026.09858520
112  35.21720000  026.09858520  35.21720277  026.09858942
112  35.21719882  026.09862168  35.21718345  026.09863760
111  35.21719882  026.09862168
112  35.21719882  026.09862168  35.21719428  026.09862533
112  35.21717541  026.09862259  35.21716588  026.09861293
111  35.21717541  026.09862259
112  35.21717541  026.09862259  35.21720056  026.09865960
111  35.21723907  026.09871550
112  35.21731048  026.09875901  35.21734785  026.09876762
112  35.21757235  026.09880498  35.21759250  026.09880700
112  35.21765058  026.09877351  35.21766707  026.09875669
111  35.21801930  026.09839717
111  35.21798320  026.09833959
112  35.21762979  026.09871926  35.21760927  026.09874034
112  35.21756305  026.09875208  35.21754289  026.09874871
111  35.21736337  026.09871592
112  35.21728897  026.09868244  35.21727706  026.09866584
112  35.21730199  026.09861924  35.21731903  026.09859906
111  35.21743789  026.09848204
111  35.21738561  026.09840937
111  35.21725395  026.09854939
112  35.21722661  026.09855129  35.21722088  026.09854444
111  35.21723221  026.09852386
111  35.21732137  026.09842917
113  35.21728943  026.09838421
110 1 0.25 140.0000 lib/airport/pavement/asphalt_2D.pol
111  35.21611498  026.09707418
111  35.21625401  026.09693019
112  35.21631431  026.09689711  35.21634015  026.09689571
111  35.21638257  026.09692904
111  35.21641282  026.09690011
112  35.21640752  026.09686794  35.21641550  026.09686003
111  35.21643551  026.09687928
111  35.21646919  026.09684627
112  35.21646482  026.09676589  35.21649711  026.09672962
111  35.21656502  026.09665365
112  35.21659527  026.09663976  35.21660819  026.09664255
111  35.21662908  026.09666779
111  35.21667110  026.09662331
112  35.21664538  026.09658654  35.21662866  026.09656236
112  35.21659244  026.09656687  35.21658560  026.09657152
112  35.21641093  026.09675432  35.21637674  026.09678408
112  35.21628237  026.09678556  35.21625767  026.09680881
113  35.21606392  026.09699964
110 1 0.25 140.0000 lib/airport/pavement/asphalt_2D.pol
111  35.21638257  026.09692904
112  35.21659039  026.09722925  35.21660556  026.09725132
112  35.21659329  026.09733509  35.21657803  026.09735246
111  35.21641583  026.09751363
111  35.21644579  026.09755740
112  35.21662018  026.09738171  35.21663315  026.09736906
112  35.21670717  026.09740046  35.21672168  026.09742172
112  35.21719441  026.09811646  35.21721362  026.09814433
112  35.21719280  026.09822685  35.21717142  026.09824975
111  35.21702885  026.09840854
111  35.21704684  026.09843481
112  35.21723902  026.09823244  35.21726055  026.09820852
112  35.21723564  026.09810825  35.21720602  026.09806265
111  35.21715388  026.09798398
112  35.21715462  026.09795774  35.21716328  026.09794876
111  35.21717462  026.09796186
111  35.21707933  026.09782211
112  35.21707686  026.09784372  35.21706757  026.09785337
111  35.21705729  026.09784241
111  35.21672358  026.09735961
112  35.21672704  026.09733472  35.21673671  026.09732600
111  35.21674700  026.09733527
111  35.21664329  026.09718342
112  35.21664273  026.09721164  35.21663382  026.09722114
111  35.21661799  026.09720560
113  35.21641282  026.09690011
110 1 0.25 140.0000 lib/airport/pavement/asphalt_2D.pol
111  35.21643551  026.09687928
112  35.21664329  026.09718342  35.21676294  026.09735859
111  35.21664329  026.09718342
112  35.21664329  026.09718342  35.21667590  026.09723116
112  35.21674700  026.09733527  35.21678315  026.09738821
111  35.21674700  026.09733527
112  35.21674700  026.09733527  35.21685750  026.09749707
112  35.21707933  026.09782211  35.21717949  026.09796892
111  35.21707933  026.09782211
112  35.21707933  026.09782211  35.21711416  026.09787316
112  35.21717462  026.09796186  35.21720287  026.09800330
111  35.21717462  026.09796186
112  35.21717462  026.09796186  35.21723904  026.09805638
112  35.21728949  026.09813095  35.21729622  026.09814122
111  35.21728949  026.09813095
112  35.21728949  026.09813095  35.21732062  026.09817842
112  35.21728193  026.09825129  35.21725555  026.09828197
111  35.21707462  026.09847537
111  35.21710953  026.09852635
112  35.21734841  026.09825762  35.21738269  026.09821741
112  35.21735188  026.09811244  35.21733605  026.09808919
113  35.21646919  026.09684627
110 1 0.25 50.0000 lib/airport/pavement/asphalt_2D.pol
111  35.21801930  026.09839717
112  35.21807221  026.09837695  35.21808826  026.09839660
111  35.21807221  026.09837695
112  35.21807221  026.09837695  35.21807756  026.09838350
112  35.21811477  026.09843617  35.21813502  026.09846502
111  35.21811477  026.09843617
112  35.21811477  026.09843617  35.21812973  026.09845748
112  35.21816165  026.09850341  35.21817682  026.09852529
111  35.21816165  026.09850341
112  35.21816165  026.09850341  35.21818759  026.09854080
111  35.21820895  026.09857182
111  35.21844967  026.09831213
111  35.21840628  026.09824879
111  35.21836022  026.09818156
111  35.21718443  026.09646525
111  35.21713061  026.09652362
111  35.21719026  026.09661611
111  35.21713927  026.09666779
111  35.21752144  026.09720777
111  35.21760425  026.09721366
112  35.21818680  026.09807169  35.21819702  026.09809954
112  35.21817139  026.09816952  35.21813889  026.09820646
112  35.21806451  026.09816480  35.21802876  026.09813297
112  35.21802503  026.09805401  35.21800182  026.09801991
111  35.21802503  026.09805401
112  35.21802503  026.09805401  35.21801423  026.09803814
112  35.21751493  026.09730166  35.21725841  026.09692327
111  35.21751493  026.09730166
112  35.21751493  026.09730166  35.21736976  026.09708751
112  35.21710574  026.09669807  35.21699131  026.09652928
111  35.21710574  026.09669807
112  35.21710574  026.09669807  35.21707916  026.09665886
112  35.21703196  026.09658929  35.21700967  026.09655641
111  35.21703196  026.09658929
112  35.21703196  026.09658929  35.21701233  026.09656035
112  35.21697900  026.09651117  35.21696342  026.09648820
111  35.21697900  026.09651117
112  35.21697900  026.09651117  35.21693383  026.09644455
111  35.21690712  026.09640514
111  35.21682142  026.09647586
111  35.21681660  026.09655247
111  35.21772069  026.09787992
111  35.21773135  026.09789607
112  35.21784979  026.09792790  35.21787115  026.09793699
112  35.21793837  026.09803986  35.21795788  026.09806885
112  35.21799326  026.09822608  35.21799697  026.09827951
113  35.21798320  026.09833959
110 1 0.25 50.0000 lib/airport/pavement/asphalt_2D.pol
111  35.21638815  026.09599320
112  35.21636619  026.09600734  35.21635616  026.09600598
111  35.21634655  026.09597906
111  35.21604151  026.09630152
111  35.21605835  026.09632740
111  35.21603893  026.09634784
112  35.21593962  026.09635859  35.21590507  026.09639474
112  35.21593588  026.09649411  35.21597656  026.09655072
112  35.21604960  026.09650518  35.21608247  026.09647107
111  35.21607279  026.09639653
111  35.21609350  026.09637506
111  35.21634637  026.09674183
111  35.21665253  026.09642303
112  35.21657806  026.09630790  35.21657109  026.09629748
111  35.21661897  026.09627371
111  35.21654836  026.09615879
112  35.21648712  026.09618103  35.21646003  026.09616493
112  35.21642627  026.09609100  35.21641853  026.09606448
113  35.21642398  026.09605174
112  35.21602260  026.09640583  35.21603987  026.09642697
112  35.21601925  026.09646010  35.21600198  026.09647852
112  35.21597336  026.09645811  35.21595609  026.09643696
114  35.21597289  026.09640608  35.21598515  026.09639244
110 1 0.25 50.0000 lib/airport/pavement/asphalt_2D.pol
112  35.21706752  026.09650550  35.21710245  026.09647864
111  35.21713061  026.09652362
111  35.21718443  026.09646525
112  35.21709726  026.09632965  35.21707800  026.09630278
112  35.21676661  026.09606352  35.21673206  026.09603215
112  35.21678106  026.09592995  35.21679722  026.09590812
111  35.21687975  026.09588510
111  35.21691542  026.09583015
112  35.21686484  026.09562436  35.21682918  026.09558139
112  35.21678130  026.09559768  35.21675623  026.09561200
111  35.21675119  026.09571516
112  35.21672970  026.09581501  35.21669905  026.09585048
112  35.21662940  026.09593388  35.21659262  026.09594343
112  35.21653632  026.09592013  35.21650010  026.09591399
112  35.21644966  026.09591915  35.21643183  026.09593483
111  35.21638788  026.09599379
111  35.21642398  026.09605174
112  35.21649451  026.09599622  35.21652794  026.09599076
112  35.21658206  026.09608710  35.21658094  026.09612052
111  35.21654836  026.09615879
111  35.21661897  026.09627371
112  35.21667347  026.09626708  35.21669130  026.09627458
111  35.21682142  026.09647586
111  35.21690712  026.09640514
111  35.21671686  026.09610870
111  35.21708276  026.09640826
112  35.21699369  026.09647800  35.21697959  026.09650541
111  35.21697900  026.09651117
113  35.21703196  026.09658929
110 2 0.25 140.0000 lib/airport/pavement/concrete_5L.pol
111  35.21662908  026.09666779
112  35.21659527  026.09663976  35.21658096  026.09663613
111  35.21656502  026.09665365
112  35.21646482  026.09676589  35.21644268  026.09679146
112  35.21646919  026.09684627  35.21649056  026.09687485
112  35.21735188  026.09811244  35.21736813  026.09813730
112  35.21734841  026.09825762  35.21732148  026.09828587
111  35.21710953  026.09852635
111  35.21717541  026.09862259
112  35.21719882  026.09862168  35.21721377  026.09860662
111  35.21719882  026.09862168
112  35.21719882  026.09862168  35.21721419  026.09860576
112  35.21720000  026.09858520  35.21719487  026.09857741
111  35.21720000  026.09858520
112  35.21720000  026.09858520  35.21718938  026.09856906
112  35.21717045  026.09854141  35.21716349  026.09853064
112  35.21717208  026.09850641  35.21718381  026.09849385
111  35.21728943  026.09838421
111  35.21732137  026.09842917
111  35.21723221  026.09852386
112  35.21722661  026.09855129  35.21723265  026.09856094
111  35.21725337  026.09854943
112  35.21738561  026.09840937  35.21743564  026.09835640
111  35.21738561  026.09840937
112  35.21738561  026.09840937  35.21740334  026.09839060
112  35.21742158  026.09837130  35.21742613  026.09836649
111  35.21742158  026.09837130
112  35.21742158  026.09837130  35.21743899  026.09835291
112  35.21744390  026.09828612  35.21745782  026.09826437
111  35.21749708  026.09820737
111  35.21774659  026.09795395
111  35.21770636  026.09789362
111  35.21745421  026.09814384
113  35.21653073  026.09677464
110 2 0.25 140.0000 lib/airport/pavement/concrete_5L.pol
111  35.21715388  026.09798398
112  35.21723564  026.09810825  35.21726020  026.09814524
112  35.21723902  026.09823244  35.21721470  026.09826010
111  35.21704684  026.09843481
111  35.21707462  026.09847537
112  35.21728193  026.09825129  35.21731418  026.09821604
112  35.21728949  026.09813095  35.21726272  026.09809051
111  35.21717462  026.09796186
112  35.21715462  026.09795774  35.21714523  026.09796703
111  35.21715462  026.09795774
114  35.21715462  026.09795774  35.21714553  026.09796821
110 2 0.25 140.0000 lib/airport/pavement/concrete_5L.pol
111  35.21672358  026.09735961
111  35.21705729  026.09784241
112  35.21707686  026.09784372  35.21708693  026.09783325
111  35.21707933  026.09782211
111  35.21674700  026.09733527
114  35.21672704  026.09733472  35.21671650  026.09734444
110 2 0.25 140.0000 lib/airport/pavement/concrete_5L.pol
111  35.21641211  026.09690064
111  35.21661799  026.09720560
112  35.21664273  026.09721164  35.21665262  026.09720132
111  35.21664329  026.09718342
111  35.21643551  026.09687928
114  35.21640752  026.09686794  35.21639928  026.09687758
110 2 0.25 50.0000 lib/airport/pavement/concrete_5L.pol
111  35.21713927  026.09666779
111  35.21710574  026.09669807
111  35.21751493  026.09730166
111  35.21760425  026.09721366
113  35.21752144  026.09720777
110 2 0.25 50.0000 lib/airport/pavement/concrete_5L.pol
111  35.21661359  026.09626482
111  35.21656569  026.09631382
111  35.21767266  026.09792869
111  35.21772069  026.09787992
113  35.21681660  026.09655220
110 1 0.25 50.0000 lib/airport/pavement/asphalt_5L.pol
111  35.22089066  026.10687236
111  35.22086863  026.10689103
112  35.22305668  026.11008183  35.22306614  026.11009437
112  35.22303804  026.11010673  35.22303922  026.11011686
112  35.22308549  026.11011087  35.22309968  026.11010412
112  35.22310583  026.11004034  35.22309716  026.11003069
114  35.22307532  026.11005693  35.22306902  026.11004921
110 1 0.25 50.0000 lib/airport/pavement/asphalt_5L.pol
111  35.22011974  026.10827661
111  35.21901878  026.10671012
111  35.21899685  026.10673113
112  35.22201461  026.11110165  35.22202282  026.11111572
112  35.22203291  026.11114895  35.22204797  026.11115934
112  35.22207969  026.11112156  35.22207942  026.11109811
112  35.22204105  026.11108671  35.22203284  026.11107565
111  35.22014727  026.10831617
111  35.22037954  026.10807272
113  35.22035093  026.10803270
110 1 0.25 0.0000 lib/airport/pavement/asphalt_5L.pol
112  35.21224378  026.09433498  35.21221824  026.09436451
112  35.21223905  026.09445771  35.21226128  026.09449187
112  35.21233747  026.09446340  35.21236160  026.09443908
114  35.21234220  026.09434066  35.21231903  026.09430535
112  35.21233223  026.09435640  35.21235021  026.09438650
112  35.21232656  026.09445019  35.21230338  026.09447335
112  35.21225025  026.09444327  35.21222944  026.09441664
114  35.21225593  026.09434948  35.21227437  026.09432690
110 1 0.25 50.0000 lib/airport/pavement/asphalt_5L.pol
111  35.22031358  026.10799537
111  35.22043792  026.10817847
111  35.22046606  026.10814984
113  35.22034172  026.10796674
110 1 0.25 50.0000 lib/airport/pavement/asphalt_5L.pol
111  35.21264792  026.09500499
111  35.21277227  026.09518808
111  35.21280041  026.09515945
113  35.21267606  026.09497636
110 1 0.25 50.0000 lib/airport/pavement/asphalt_5L.pol
111  35.22026035  026.10805276
111  35.22038470  026.10823586
111  35.22041284  026.10820723
113  35.22028849  026.10802413
110 1 0.25 50.0000 lib/airport/pavement/asphalt_5L.pol
111  35.21259470  026.09506238
111  35.21271904  026.09524546
111  35.21274718  026.09521683
113  35.21262284  026.09503374
110 1 0.25 50.0000 lib/airport/pavement/asphalt_5L.pol
111  35.22020185  026.10811014
111  35.22032619  026.10829324
111  35.22035433  026.10826460
113  35.22022999  026.10808150
110 1 0.25 50.0000 lib/airport/pavement/asphalt_5L.pol
111  35.21253619  026.09511975
111  35.21266053  026.09530283
111  35.21268868  026.09527420
113  35.21256433  026.09509111
110 1 0.25 50.0000 lib/airport/pavement/asphalt_5L.pol
111  35.22014768  026.10816687
111  35.22027202  026.10834997
111  35.22030016  026.10832133
113  35.22017582  026.10813823
110 1 0.25 50.0000 lib/airport/pavement/asphalt_5L.pol
111  35.21248202  026.09517647
111  35.21260636  026.09535955
111  35.21263450  026.09533092
113  35.21251016  026.09514784
130 Airport Boundary
111  35.21022164  026.08983998
111  35.20842581  026.09172449
111  35.20999716  026.09408551
111  35.20973059  026.09431732
111  35.21449372  026.10146925
111  35.21382731  026.10222053
111  35.21414058  026.10519367
111  35.21674171  026.10479803
111  35.22175205  026.11205577
111  35.22379255  026.10989202
111  35.21989337  026.10407447
111  35.22168639  026.10374063
111  35.22155507  026.10266493
111  35.21916607  026.10294313
111  35.21705088  026.09990066
111  35.21874884  026.09821173
111  35.21682290  026.09530701
113  35.21511885  026.09700995
120 Linear Feature 3
111  35.22175018  026.10904350 24
112  35.22197601  026.10916708  35.22205439  026.10919147 24
112  35.22223240  026.10936059  35.22230547  026.10946955 24
112  35.22232008  026.10967932  35.22232141  026.10980453 24
112  35.22218192  026.11004845  35.22209026  026.11016066 24
112  35.22181926  026.11013789  35.22171829  026.11010374 24
112  35.22161467  026.10998178  35.22154958  026.10989722 24
112  35.22150707  026.10965493  35.22150707  026.10954760 24
115  35.22142603  026.10933945
120 Linear Feature 1
112  35.21089674  026.09307337  35.21087560  026.09299576 24
112  35.21081378  026.09260028  35.21080403  026.09251471 24
112  35.21065969  026.09236408  35.21060440  026.09230438 24
112  35.21033657  026.09223340  35.21025201  026.09222146 24
112  35.21005278  026.09253946  35.21004302  026.09264892 24
112  35.21008206  026.09289783  35.21009995  026.09299733 24
112  35.21035062  026.09325132  35.21052948  026.09333092 24
115  35.21059226  026.09338199
120 Linear Feature 2
111  35.21758603  026.10332250 1
112  35.21723266  026.10280352  35.21716944  026.10271754 1
112  35.21690916  026.10274341  35.21680848  026.10278066 1
112  35.21671951  026.10302714  35.21669375  026.10311598 1
112  35.21657667  026.10345416  35.21649941  026.10367198 1
112  35.21623716  026.10395857  35.21609433  026.10411333 1
112  35.21566818  026.10429962  35.21549959  026.10437987 1
115  35.21509452  026.10444291
120 Linear Feature 4
111  35.21661199  026.10184041 1
112  35.21630099  026.10137287  35.21629950  026.10137368 1
112  35.21606349  026.10087730  35.21600788  026.10067113 1
111  35.21607348  026.10021400 1
115  35.21615885  026.09919731
120 Linear Feature 3
111  35.21642147  026.10160251 1
112  35.21668545  026.10199749  35.21677130  026.10212885 1
112  35.21677951  026.10237906  35.21678407  026.10253368 1
116  35.21671951  026.10302714  35.21666832  026.10319177
120 Linear Feature 5
111  35.21528387  026.09988054 1
112  35.21561896  026.10037643  35.21571002  026.10050381 1
112  35.21587186  026.10052481  35.21599544  026.10050292 1
116  35.21607348  026.10021400  35.21608812  026.10007269
120 Linear Feature 7
111  35.21463283  026.09807882 1
112  35.21435496  026.09823206  35.21426463  026.09842279 1
112  35.21443047  026.09862367  35.21447564  026.09869140 1
115  35.21474293  026.09908245
120 Linear Feature 6
111  35.21340686  026.09711915 1
111  35.21374015  026.09760127 1
112  35.21404751  026.09793099  35.21420759  026.09802080 1
111  35.21463283  026.09807882 1
115  35.21545072  026.09817435
120 Linear Feature 9
111  35.21448446  026.10440774 24
115  35.21452250  026.10466816
120 Linear Feature 17
111  35.21526578  026.10298781 20
115  35.21530590  026.10308011
120 Linear Feature 16
111  35.21526578  026.10298781 20
115  35.21510853  026.10318519
120 Linear Feature 15
111  35.21546266  026.10309797 1
111  35.21531574  026.10310606 1
115  35.21510853  026.10318519
120 Linear Feature 14
111  35.21530590  026.10308011 20
115  35.21544611  026.10302650
120 Linear Feature 18
111  35.21544611  026.10302650 20
111  35.21546266  026.10309797 20
115  35.21575806  026.10303830
120 Linear Feature 12
111  35.21555429  026.10317835 20
115  35.21529319  026.10319674
120 Linear Feature 11
111  35.21555371  026.10313839 20
115  35.21531953  026.10315208
120 Linear Feature 10
111  35.21543124  026.10312250 20
115  35.21543262  026.10322124
120 Linear Feature 1
111  35.21836022  026.09818156 20
111  35.21832954  026.09821338 20
111  35.21829886  026.09824521 20
111  35.21826817  026.09827704 20
111  35.21823749  026.09830886 20
111  35.21820681  026.09834069 20
111  35.21817613  026.09837252 20
111  35.21814545  026.09840434 20
115  35.21811477  026.09843617
120 Linear Feature 3
111  35.21844967  026.09831213 20
111  35.21841958  026.09834459 20
111  35.21838949  026.09837705 20
111  35.21835940  026.09840951 20
111  35.21832931  026.09844197 20
111  35.21829922  026.09847443 20
111  35.21826913  026.09850689 20
111  35.21823904  026.09853936 20
115  35.21820895  026.09857182
120 Linear Feature 2
111  35.21840628  026.09824880 20
115  35.21816165  026.09850341
120 Linear Feature 4
111  35.21836022  026.09818156 20
115  35.21844967  026.09831213
120 Linear Feature 4
111  35.21832954  026.09821338 20
115  35.21841958  026.09834459
120 Linear Feature 4
111  35.21829886  026.09824521 20
115  35.21838949  026.09837705
120 Linear Feature 4
111  35.21826817  026.09827704 20
115  35.21835940  026.09840951
120 Linear Feature 4
111  35.21823749  026.09830886 20
115  35.21832931  026.09844197
120 Linear Feature 4
111  35.21820681  026.09834069 20
115  35.21829922  026.09847443
120 Linear Feature 4
111  35.21817613  026.09837252 20
115  35.21826913  026.09850689
120 Linear Feature 4
111  35.21814545  026.09840434 20
115  35.21823904  026.09853936
120 Linear Feature 4
111  35.21811477  026.09843617 20
115  35.21820895  026.09857182
21  35.22030867  026.10815990 2 230.2700 3.00 23  PAPI-4L
21  35.21264145  026.09516627 2 50.2700 3.00 05 PAPI-4L
20  35.21559526  026.09890171 140.5500 0 3 {@Y,^l}23|05{^r}
20  35.21537760  026.10080609 141.2400 0 3 {@Y,^l}23|05{^r}
20  35.21387312  026.09859054 142.7700 0 3 {@Y,^l}23|05{^r}
20  35.21648833  026.10269380 284.2500 0 3 {@Y,^l}05|23{^r}
20  35.21663191  026.10113315 235.8300 0 3 {@Y}B{^r}
20  35.21661758  026.10114617 231.4100 0 3 {@Y}APRON{^r}
20  35.21741493  026.10373950 228.6200 0 3 {@Y,^l}C
20  35.21740144  026.10375530 228.5700 0 3 {@Y,^u}APRON
20  35.21384776  026.09710141 46.5500 0 3 {@Y,^l}A
20  35.21383425  026.09711528 51.4900 0 3 {@Y,^l}APRON
14  35.21592281  026.10329766  32.81 0 Tower Viewpoint
1300  35.21492853  026.10415501  82.09 tie_down turboprops|props|helos C1
1301 B general_aviation 
1300  35.21456147  026.10422954  81.51 tie_down turboprops|props|helos C2
1301 B general_aviation 
1300  35.21608484  026.09766586 -10.77 gate jets|turboprops Apron A
1301 D airline cfg seh oal
1300  35.21644728  026.09835990 -10.27 gate jets|turboprops Apron B
1301 D airline cfg seh oal
1300  35.21695880  026.09875664 228.52 tie_down props Apron GA 1
1301 A general_aviation 
1300  35.21681221  026.09893607 228.52 tie_down props Apron GA 2
1301 A general_aviation 
1300  35.21665434  026.09908963 228.52 tie_down props Apron GA 3
1301 A general_aviation 
1300  35.21650351  026.09925181 228.52 tie_down props Apron GA 4
1301 A general_aviation 
19  35.21229157  026.09440138 1 WS
19  35.22002691  026.10808123 1 WS
1054 122600 INFO
1200 
1201  35.21750941  026.09841880 both 0 _stop
1201  35.21756086  026.09842893 both 1 _stop
1201  35.21761231  026.09841156 both 2 _stop
1201  35.21784351  026.09817054 both 3 _stop
1201  35.21787958  026.09809381 both 4 _stop
1201  35.21786007  026.09801275 both 5 _stop
1201  35.21779916  026.09799248 both 6 _stop
1201  35.21774713  026.09800985 both 7 _stop
1201  35.21749877  026.09826825 both 8 _stop
1201  35.21746684  026.09834714 both 9 _stop
1201  35.21745076  026.09840578 both 10 _stop
1201  35.21709785  026.09865766 both 11 _start
1201  35.21714969  026.09870578 both 12 _start
1201  35.21720784  026.09868878 both 13 _start
1201  35.21724288  026.09862475 both 14 _start
1201  35.21605191  026.09716020 both 15 _stop
1201  35.21622116  026.09690220 both 16 _stop
1201  35.21608869  026.09702637 both 17 _stop
1201  35.21632050  026.09683272 both 18 _stop
1201  35.21639359  026.09682403 both 19 _stop
1201  35.21642978  026.09683098 both 20 _stop
1201  35.21731606  026.09811644 both 21 _stop
1201  35.21733380  026.09819027 both 22 _stop
1201  35.21731961  026.09824325 both 23 _stop
1201  35.21703182  026.09856225 both 24 _start
1201  35.22214849  026.11001106 both 25 N_stop
1201  35.21021334  026.09243162 both 26 N_start
1201  35.21413864  026.09821131 both 27 N_start
1201  35.21597819  026.10092424 both 28 N_start
1201  35.21700746  026.10243748 both 29 N_start
1201  35.21497157  026.10447279 both 30 C_stop
1201  35.21618074  026.10401012 both 31 C_stop
1201  35.21566136  026.10430694 both 32 C_stop
1201  35.21647652  026.10366448 both 33 C_stop
1201  35.21669359  026.10310288 both 34 C_stop
1201  35.21615884  026.09919756 both 35 B_stop
1201  35.21606515  026.10025778 both 36 B_stop
1201  35.21610657  026.09983790 both 37 B_stop
1201  35.21545236  026.09817335 both 38 A_stop
1201  35.21462636  026.09807501 both 39 A_stop
1201  35.21497311  026.09811814 both 40 A_stop
1202 26 27 twoway runway 05/23
1204 departure 05,23
1204 arrival 05,23
1204 ils 05,23
1202 27 28 twoway runway 05/23
1204 departure 05,23
1204 arrival 05,23
1204 ils 05,23
1202 28 29 twoway runway 05/23
1204 departure 05,23
1204 arrival 05,23
1204 ils 05,23
1202 29 25 twoway runway 05/23
1204 departure 05,23
1204 arrival 05,23
1204 ils 05,23
1202 31 32 twoway taxiway_C C
1202 32 30 twoway taxiway_C C
1202 33 31 twoway taxiway_C C
1202 34 33 twoway taxiway_C C
1202 29 34 twoway taxiway_C C
1204 departure 05,23
1204 arrival 05,23
1204 ils 05,23
1202 36 37 twoway taxiway_D B
1204 departure 05,23
1204 arrival 05,23
1204 ils 05,23
1202 37 35 twoway taxiway_D B
1202 28 36 twoway taxiway_D B
1204 departure 05,23
1204 arrival 05,23
1204 ils 05,23
1202 39 40 twoway taxiway_D A
1204 departure 05,23
1204 arrival 05,23
1204 ils 05,23
1202 40 38 twoway taxiway_D A
1202 27 39 twoway taxiway_D A
1204 departure 05,23
1204 arrival 05,23
1204 ils 05,23
1206 0 10 oneway  
1206 1 0 oneway  
1206 2 1 oneway  
1206 3 2 oneway  
1206 4 3 oneway  
1206 5 4 oneway  
1206 6 5 oneway  
1206 7 6 oneway  
1206 8 7 oneway  
1206 9 8 oneway  
1206 10 9 oneway  
1206 15 24 twoway  
1206 24 11 twoway  
1206 11 12 twoway  
1206 12 13 twoway  
1206 13 14 twoway  
1206 14 10 twoway  
1206 16 17 oneway  
1206 17 15 oneway  
1206 18 16 oneway  
1206 19 18 oneway  
1206 20 19 oneway  
1206 21 20 oneway  
1206 22 21 oneway  
1206 23 22 oneway  
1206 24 23 oneway  
1400  35.21630106  26.09737941  53.34 gpu 0 Ground Power
1400  35.21592938  26.09713985  52.43 pushback 0 Pushback
1400  35.21697348  26.09836581  228.68 food 0 Catering
1400  35.21654317  26.09774141  49.82 baggage_loader 0 Baggage Loader
1400  35.21674959  26.09805160  230.28 fuel_jets 0 Fuel Truck
1400  35.21653045  26.09697355  230.91 baggage_train 3 Baggage Train
1401  35.21769806  26.09805966 -40.68 baggage_train Baggage Destination
99
